===Closure_62
1
===Closure_73
1
===Math_68
151
275
151
151
151
68
===Time_2
45
3
===Math_94
9
===Lang_4
9
12
1
===Math_105
13
===Math_69
6
===Closure_120
380
===Lang_63
4
86
61
56
88
23
8
85
32
17
7
10
3
1
2
26
6
===Math_80
1
===Lang_17
14
56
57
13
===Closure_113
3
===Closure_71
1
===Time_11
552
552
===Math_73
4
===Math_64
166
351
163
203
253
271
303
192
163
292
165
60
===Math_46
2
===Lang_56
===Math_38
10
11
7
===Closure_14
1
===Lang_53
18
14
38
===Math_99
12
1
===Lang_9
41
===Closure_13
2570
2227
===Time_22
83
76
===Mockito_1
17
===Lang_16
16
===Math_22
1
2
===Mockito_24
1
===Closure_133
68
===Math_6
1566
1943
1724
2048
1292
1493
1155
1141
1937
2469
2502
1060
2511
2629
133
===Closure_72
210
===Lang_58
3
===Math_67
8
===Math_87
36
129
129
===Mockito_8
25
===Lang_2
13
===Math_93
2
3
6
6
===Closure_68
50
32
4
